1000	0.000001	9.224100	10	2	
1100	0.000001	9.448218	11	1	
1200	0.000001	9.484633	11	2	
1300	0.000001	9.629815	11	1	
1400	0.000001	9.648029	11	1	
1500	0.000001	9.685733	11	3	
1600	0.000001	10.116412	11	2	
1700	0.000001	10.128982	11	1	
1800	0.000001	10.199583	11	3	
1900	0.000001	10.204726	11	2	
2000	0.000001	10.223810	11	2	
2100	0.000001	10.434229	12	3	
2200	0.000001	10.447523	12	2	
2300	0.000001	10.452526	12	3	
2400	0.000001	10.488883	12	2	
2500	0.000001	10.502140	12	2	
2600	0.000001	10.630377	12	4	
2700	0.000001	10.634685	12	3	
2800	0.000001	10.644407	12	2	
2900	0.000001	10.675141	12	3	
3000	0.000001	10.682970	12	2	
3100	0.000001	11.109103	12	4	
3200	0.000001	11.116663	12	1	
3300	0.000001	11.119564	12	3	
3400	0.000001	11.129468	12	3	
3500	0.000001	11.136214	12	2	
3600	0.000001	11.201742	12	2	
3700	0.000002	11.201051	12	3	
3800	0.000001	11.208221	12	3	
3900	0.000001	11.220269	12	2	
4000	0.000001	11.226057	12	2	
4100	0.000001	11.432612	12	2	
4200	0.000001	11.435286	13	2	
4300	0.000001	11.437835	13	2	
4400	0.000001	11.445268	13	2	
4500	0.000001	11.451260	13	4	
4600	0.000001	11.453048	13	3	
4700	0.000001	11.484806	13	1	
4800	0.000001	11.488929	13	3	
4900	0.000002	11.499216	13	3	
5000	0.000001	11.505318	13	2	
5100	0.000001	11.503220	13	4	
5200	0.000001	11.629458	13	2	
5300	0.000001	11.632853	13	2	
5400	0.000001	11.641372	13	3	
5500	0.000002	11.640740	13	2	
5600	0.000001	11.642875	13	2	
5700	0.000001	11.673705	13	3	
5800	0.000001	11.675202	13	3	
5900	0.000001	11.684925	13	3	
6000	0.000002	11.683597	13	4	
6100	0.000001	11.688270	13	4	
6200	0.000001	12.109929	13	3	
6300	0.000001	12.112946	13	3	
6400	0.000001	12.114066	13	3	
6500	0.000001	12.114757	13	4	
6600	0.000001	12.117461	13	4	
6700	0.000001	12.128685	13	3	
6800	0.000001	12.129634	13	4	
6900	0.000001	12.131209	13	3	
7000	0.000001	12.134366	13	4	
7100	0.000001	12.135037	13	4	
7200	0.000001	12.199731	13	2	
7300	0.000001	12.201592	13	2	
7400	0.000001	12.202241	13	4	
7500	0.000001	12.204369	13	3	
7600	0.000001	12.205663	13	3	
7700	0.000001	12.219623	13	4	
7800	0.000001	12.220183	13	3	
7900	0.000001	12.221201	13	3	
8000	0.000001	12.224849	13	3	
8100	0.000001	12.225632	13	4	
8200	0.000001	12.432233	14	4	
8300	0.000001	12.432848	14	1	
8400	0.000001	12.433696	14	3	
8500	0.000001	12.435289	14	2	
8600	0.000001	12.437285	14	4	
8700	0.000001	12.437999	14	4	
8800	0.000001	12.447150	14	4	
8900	0.000001	12.447969	14	3	
9000	0.000001	12.452083	14	1	
9100	0.000001	12.452786	14	3	
9200	0.000001	12.451359	14	3	
9300	0.000001	12.484905	14	2	
9400	0.000001	12.485730	14	4	
9500	0.000001	12.489459	14	1	
9600	0.000001	12.488246	14	3	
9700	0.000001	12.489834	14	3	
9800	0.000001	12.499424	14	1	
9900	0.000001	12.501085	14	3	
10000	0.000001	12.504646	14	4	
