1000	0.000001	9.225652	10	1	
1100	0.000001	9.446863	11	1	
1200	0.000001	9.489781	11	1	
1300	0.000001	9.631730	11	1	
1400	0.000001	9.643067	11	1	
1500	0.000001	9.684597	11	1	
1600	0.000001	10.114565	11	1	
1700	0.000001	10.129935	11	1	
1800	0.000001	10.201078	11	1	
1900	0.000001	10.205431	11	1	
2000	0.000001	10.224869	11	1	
2100	0.000001	10.434267	12	1	
2200	0.000001	10.446536	12	1	
2300	0.000001	10.452201	12	1	
2400	0.000001	10.489364	12	1	
2500	0.000001	10.504558	12	1	
2600	0.000001	10.631830	12	1	
2700	0.000001	10.639350	12	1	
2800	0.000001	10.642610	12	1	
2900	0.000001	10.675392	12	1	
3000	0.000001	10.684810	12	1	
3100	0.000001	11.110451	12	1	
3200	0.000001	11.114589	12	1	
3300	0.000001	11.116371	12	1	
3400	0.000001	11.130022	12	1	
3500	0.000001	11.134248	12	1	
3600	0.000001	11.200975	12	1	
3700	0.000001	11.202011	12	1	
3800	0.000001	11.205146	12	1	
3900	0.000001	11.220251	12	1	
4000	0.000001	11.224994	12	1	
4100	0.000001	11.433047	13	1	
4200	0.000001	11.434138	13	1	
4300	0.000001	11.437311	13	1	
4400	0.000001	11.446425	13	1	
4500	0.000001	11.450609	13	1	
4600	0.000001	11.452267	13	1	
4700	0.000001	11.486269	13	1	
4800	0.000001	11.489153	13	1	
4900	0.000001	11.500108	13	1	
5000	0.000001	11.504275	13	1	
5100	0.000001	11.505797	13	1	
5200	0.000001	11.631355	13	1	
5300	0.000001	11.633188	13	1	
5400	0.000001	11.639140	13	1	
5500	0.000001	11.639912	13	1	
5600	0.000001	11.642673	13	1	
5700	0.000001	11.674007	13	1	
5800	0.000001	11.675626	13	1	
5900	0.000001	11.684205	13	1	
6000	0.000001	11.684687	13	1	
6100	0.000001	11.687763	13	1	
6200	0.000001	12.110543	13	1	
6300	0.000001	12.111385	13	1	
6400	0.000001	12.114568	13	1	
6500	0.000001	12.114805	13	1	
6600	0.000001	12.116160	13	1	
6700	0.000001	12.128952	13	1	
6800	0.000001	12.129885	13	1	
6900	0.000001	12.130364	13	1	
7000	0.000001	12.134269	13	1	
7100	0.000001	12.135687	13	1	
7200	0.000001	12.200905	13	1	
7300	0.000001	12.201647	13	1	
7400	0.000001	12.201921	13	1	
7500	0.000001	12.204298	13	1	
7600	0.000001	12.205169	13	1	
7700	0.000001	12.220175	13	1	
7800	0.000001	12.220444	13	1	
7900	0.000001	12.221033	13	1	
8000	0.000001	12.224950	13	1	
8100	0.000001	12.226074	13	1	
8200	0.000001	12.432720	14	1	
8300	0.000001	12.432947	14	1	
8400	0.000001	12.433719	14	1	
8500	0.000001	12.436120	14	1	
8600	0.000001	12.437301	14	1	
8700	0.000001	12.437686	14	1	
8800	0.000001	12.446323	14	1	
8900	0.000001	12.447189	14	1	
9000	0.000001	12.450542	14	1	
9100	0.000001	12.451585	14	1	
9200	0.000001	12.452062	14	1	
9300	0.000001	12.485378	14	1	
9400	0.000001	12.485855	14	2	
9500	0.000001	12.488186	14	1	
9600	0.000001	12.489019	14	1	
9700	0.000001	12.489384	14	1	
9800	0.000001	12.500122	14	1	
9900	0.000001	12.500736	14	1	
10000	0.000001	12.504165	14	1	
