1000	0.000003	9.231000	10	4	
1100	0.000001	9.413636	11	4	
1200	0.000001	9.464167	11	5	
1300	0.000001	9.615385	11	6	
1400	0.000001	9.655714	11	5	
1500	0.000001	9.685333	11	5	
1600	0.000001	10.131875	11	5	
1700	0.000001	10.090000	11	4	
1800	0.000001	10.217222	11	5	
1900	0.000001	10.235789	11	5	
2000	0.000001	10.224500	11	3	
2100	0.000001	10.414762	12	5	
2200	0.000001	10.446818	12	7	
2300	0.000001	10.456087	12	5	
2400	0.000001	10.512500	12	5	
2500	0.000001	10.498800	12	6	
2600	0.000001	10.635769	12	4	
2700	0.000001	10.656296	12	4	
2800	0.000001	10.650714	12	5	
2900	0.000001	10.664138	12	4	
3000	0.000001	10.687000	12	5	
3100	0.000001	11.101290	12	6	
3200	0.000001	11.133437	12	6	
3300	0.000001	11.131212	12	6	
3400	0.000001	11.106765	12	6	
3500	0.000001	11.133714	12	5	
3600	0.000001	11.184722	12	5	
3700	0.000001	11.184324	12	6	
3800	0.000001	11.170000	12	6	
3900	0.000001	11.218974	12	7	
4000	0.000001	11.222500	12	6	
4100	0.000001	11.412927	12	5	
4200	0.000001	11.420238	13	5	
4300	0.000001	11.464884	13	5	
4400	0.000001	11.456364	13	6	
4500	0.000001	11.416889	13	5	
4600	0.000001	11.454130	13	6	
4700	0.000001	11.509574	13	7	
4800	0.000001	11.506042	13	6	
4900	0.000001	11.503673	13	5	
5000	0.000001	11.499800	13	5	
5100	0.000001	11.505882	13	4	
5200	0.000001	11.636346	13	7	
5300	0.000001	11.637358	13	5	
5400	0.000001	11.638519	13	3	
5500	0.000001	11.632909	13	6	
5600	0.000001	11.643750	13	7	
5700	0.000001	11.667018	13	7	
5800	0.000002	11.678448	13	7	
5900	0.000002	11.691864	13	5	
6000	0.000001	11.692500	13	5	
6100	0.000001	11.675738	13	6	
6200	0.000001	12.108387	13	4	
6300	0.000002	12.109841	13	6	
6400	0.000001	12.119687	13	5	
6500	0.000001	12.099077	13	6	
6600	0.000001	12.121364	13	6	
6700	0.000002	12.127761	13	7	
6800	0.000002	12.128676	13	6	
6900	0.000002	12.109565	13	6	
7000	0.000001	12.146429	13	5	
7100	0.000001	12.138592	13	6	
7200	0.000002	12.205694	13	5	
7300	0.000001	12.202603	13	7	
7400	0.000001	12.189324	13	7	
7500	0.000001	12.198000	13	6	
7600	0.000001	12.220526	13	5	
7700	0.000001	12.229481	13	6	
7800	0.000001	12.228333	13	6	
7900	0.000001	12.229114	13	8	
8000	0.000001	12.221250	13	7	
8100	0.000001	12.225556	13	7	
8200	0.000001	12.435732	13	6	
8300	0.000001	12.429277	14	7	
8400	0.000001	12.444524	14	7	
8500	0.000001	12.412941	14	4	
8600	0.000001	12.431279	14	6	
8700	0.000001	12.425517	14	7	
8800	0.000001	12.445455	14	6	
8900	0.000001	12.441573	14	7	
9000	0.000001	12.445000	14	7	
9100	0.000001	12.448681	14	6	
9200	0.000001	12.449891	14	7	
9300	0.000001	12.487097	14	7	
9400	0.000001	12.467872	14	6	
9500	0.000001	12.500000	14	7	
9600	0.000001	12.486979	14	6	
9700	0.000001	12.493093	14	6	
9800	0.000001	12.494898	14	7	
9900	0.000001	12.489293	14	6	
10000	0.000001	12.513500	14	5	
