1000	0.000021	263.729000	990	1	
1100	0.000007	166.125455	1066	1	
1200	0.000021	632.225000	1179	1	
1300	0.000012	352.586154	1285	1	
1400	0.000029	831.267143	1397	2	
1500	0.000014	427.782667	1450	1	
1600	0.000017	518.221250	1520	8	
1700	0.000023	656.492941	1699	1	
1800	0.000019	579.785000	1800	1	
1900	0.000024	693.633158	1820	41	
2000	0.000012	365.483000	1992	1	
2100	0.000022	634.036190	2087	1	
2200	0.000039	1199.369545	2145	18	
2300	0.000027	822.319130	2249	1	
2400	0.000044	1343.545833	2399	50	
2500	0.000022	654.158800	2451	1	
2600	0.000025	779.018462	2577	1	
2700	0.000049	1462.749630	2695	1	
2800	0.000062	1910.474643	2770	15	
2900	0.000053	1599.453103	2879	5	
3000	0.000068	2013.159333	2993	1	
3100	0.000017	497.742903	2936	1	
3200	0.000019	589.020000	3157	1	
3300	0.000044	1346.326970	3273	1	
3400	0.000070	2161.809412	3312	1	
3500	0.000029	887.489143	3372	1	
3600	0.000073	2186.594167	3571	67	
3700	0.000027	753.672432	3700	1	
3800	0.000028	884.189211	3715	1	
3900	0.000063	1917.099744	3899	4	
4000	0.000057	1780.952250	3993	103	
4100	0.000035	881.686098	4053	1	
4200	0.000044	1330.152857	4110	1	
4300	0.000080	2449.501395	4295	48	
4400	0.000058	1784.178409	4378	1	
4500	0.000063	1941.169333	4476	1	
4600	0.000063	1765.438478	4599	1	
4700	0.000041	1262.427447	4694	1	
4800	0.000062	1917.117292	4796	1	
4900	0.000071	2209.232041	4832	1	
5000	0.000045	1348.983400	4935	1	
5100	0.000070	2196.399412	5091	1	
5200	0.000072	2219.419615	5127	1	
5300	0.000055	1686.910943	5294	1	
5400	0.000072	2251.791667	5398	1	
5500	0.000129	3422.266364	5500	1	
5600	0.000121	2809.369643	5541	2	
5700	0.000158	3669.645614	5621	83	
5800	0.000104	2895.489138	5785	1	
5900	0.000087	2605.943390	5854	1	
6000	0.000035	1030.492833	5940	1	
6100	0.000067	2016.707541	6097	1	
6200	0.000077	2376.066774	6172	1	
6300	0.000052	1605.617619	6288	1	
6400	0.000037	1130.564219	6367	1	
6500	0.000115	3120.471846	6496	1	
6600	0.000073	2044.078788	6523	1	
6700	0.000069	1926.199403	6695	1	
6800	0.000124	3774.435441	6760	1	
6900	0.000088	2747.608261	6885	1	
7000	0.000059	1809.792429	7000	1	
7100	0.000153	4791.284930	7075	28	
7200	0.000091	2846.415972	7113	1	
7300	0.000136	4189.109041	7280	12	
7400	0.000125	3905.733378	7387	33	
7500	0.000142	4440.468133	7483	2	
7600	0.000077	2375.247368	7589	4	
7700	0.000118	3691.102208	7694	1	
7800	0.000121	3348.643333	7776	1	
7900	0.000103	3218.435063	7593	49	
8000	0.000147	4632.422625	7994	1	
8100	0.000156	4893.256914	8094	26	
8200	0.000094	2962.351707	8152	57	
8300	0.000147	4638.550000	8237	99	
8400	0.000137	4271.961548	8333	17	
8500	0.000085	2690.918471	8466	1	
8600	0.000064	1993.248372	8600	1	
8700	0.000118	3284.152529	8694	1	
8800	0.000151	4655.642386	8745	29	
8900	0.000078	2422.762697	8886	1	
9000	0.000055	1682.399556	8994	1	
9100	0.000110	3476.070659	9018	1	
9200	0.000112	3506.869348	9105	1	
9300	0.000103	3218.700215	9282	1	
9400	0.000139	4304.846489	9373	109	
9500	0.000119	3734.820737	9488	1	
9600	0.000172	5379.213437	9540	1	
9700	0.000050	1576.417010	9689	1	
9800	0.000145	4500.329388	9501	31	
9900	0.000078	2433.856869	9751	1	
10000	0.000149	4636.819400	9961	1	
