1000	0.000002	52.383760	1000	1	
1100	0.000002	53.909991	1100	1	
1200	0.000003	63.157475	1198	1	
1300	0.000003	75.181623	1300	1	
1400	0.000004	79.617921	1399	1	
1500	0.000004	82.588473	1500	1	
1600	0.000006	81.607587	1596	1	
1700	0.000004	79.012412	1699	1	
1800	0.000004	90.652883	1797	1	
1900	0.000004	108.135200	1900	1	
2000	0.000004	99.518830	1993	1	
2100	0.000004	91.573605	2098	1	
2200	0.000005	126.098345	2199	1	
2300	0.000005	137.234935	2296	1	
2400	0.000005	108.745683	2400	1	
2500	0.000005	120.931872	2500	1	
2600	0.000006	153.714935	2600	1	
2700	0.000007	173.398519	2700	1	
2800	0.000006	136.484879	2795	1	
2900	0.000006	148.790421	2894	1	
3000	0.000007	131.074647	3000	1	
3100	0.000006	163.590758	3100	1	
3200	0.000005	130.655303	3197	1	
3300	0.000007	174.382027	3300	1	
3400	0.000007	170.314300	3400	1	
3500	0.000008	177.102869	3500	1	
3600	0.000007	197.919939	3599	1	
3700	0.000007	207.262149	3698	1	
3800	0.000009	255.526887	3798	1	
3900	0.000008	206.638449	3898	1	
4000	0.000009	254.626385	3997	1	
4100	0.000011	290.702124	4097	1	
4200	0.000007	186.115867	4197	1	
4300	0.000008	228.190533	4299	1	
4400	0.000009	249.219168	4397	1	
4500	0.000008	218.120100	4498	1	
4600	0.000009	236.085996	4600	1	
4700	0.000007	220.337826	4699	1	
4800	0.000008	248.039540	4799	1	
4900	0.000010	301.043827	4899	1	
5000	0.000010	285.989258	4999	1	
5100	0.000009	271.781116	5097	1	
5200	0.000011	318.220656	5196	1	
5300	0.000010	306.127909	5300	1	
5400	0.000010	299.065052	5395	1	
5500	0.000011	307.556384	5497	1	
5600	0.000010	291.715855	5598	1	
5700	0.000010	284.803504	5696	1	
5800	0.000012	356.510502	5799	1	
5900	0.000012	345.183247	5891	1	
6000	0.000011	329.762892	5991	1	
6100	0.000010	301.619964	6098	1	
6200	0.000012	356.201566	6198	1	
6300	0.000011	318.894708	6298	1	
6400	0.000009	269.418852	6395	1	
6500	0.000011	321.819632	6495	1	
6600	0.000012	362.304068	6594	1	
6700	0.000011	334.494379	6700	1	
6800	0.000012	338.751040	6800	1	
6900	0.000014	397.085230	6892	1	
7000	0.000015	442.110239	6998	1	
7100	0.000013	381.723834	7100	1	
7200	0.000012	357.682056	7200	1	
7300	0.000011	343.968455	7300	1	
7400	0.000011	329.994309	7399	1	
7500	0.000016	502.193960	7491	1	
7600	0.000013	400.745251	7598	1	
7700	0.000014	422.113944	7690	1	
7800	0.000011	318.731282	7800	1	
7900	0.000014	399.980480	7896	1	
8000	0.000016	455.567900	7998	1	
8100	0.000016	479.458927	8099	1	
8200	0.000013	384.603829	8194	1	
8300	0.000016	474.364982	8299	1	
8400	0.000016	435.930910	8399	1	
8500	0.000019	507.336562	8493	1	
8600	0.000017	458.460206	8599	1	
8700	0.000018	491.320605	8699	1	
8800	0.000014	359.270358	8798	1	
8900	0.000015	421.576100	8894	1	
9000	0.000013	390.616094	9000	1	
9100	0.000015	423.060864	9096	1	
9200	0.000017	447.614064	9199	1	
9300	0.000017	512.945487	9296	1	
9400	0.000016	496.396865	9398	1	
9500	0.000014	426.856283	9500	1	
9600	0.000017	519.982692	9576	1	
9700	0.000020	588.164989	9700	1	
9800	0.000022	574.640757	9795	1	
9900	0.000019	512.272103	9896	1	
10000	0.000020	522.230656	9992	1	
