1000	0.000001	10.500605	1000	1	
1100	0.000001	10.824202	1100	1	
1200	0.000001	11.233392	1200	1	
1300	0.000001	12.109456	1300	1	
1400	0.000001	12.631389	1400	1	
1500	0.000001	12.939775	1500	1	
1600	0.000001	13.749021	1600	1	
1700	0.000001	14.109007	1700	1	
1800	0.000001	14.013189	1800	1	
1900	0.000001	15.607587	1900	1	
2000	0.000001	15.347484	2000	1	
2100	0.000001	15.566493	2100	1	
2200	0.000001	16.520813	2200	1	
2300	0.000001	17.195101	2300	1	
2400	0.000001	18.224730	2400	1	
2500	0.000001	18.570933	2500	1	
2600	0.000001	18.482772	2600	1	
2700	0.000001	19.628357	2700	1	
2800	0.000001	19.847179	2800	1	
2900	0.000001	19.160614	2900	1	
3000	0.000001	21.186769	3000	1	
3100	0.000001	21.612735	3100	1	
3200	0.000001	22.095846	3200	1	
3300	0.000001	22.274914	3300	1	
3400	0.000001	23.444768	3400	1	
3500	0.000001	25.127103	3500	1	
3600	0.000001	24.519790	3600	1	
3700	0.000001	24.539991	3700	1	
3800	0.000001	25.399795	3800	1	
3900	0.000001	24.835019	3900	1	
4000	0.000001	26.822482	4000	1	
4100	0.000001	26.449408	4100	1	
4200	0.000001	26.659799	4200	1	
4300	0.000001	27.688333	4300	1	
4400	0.000001	29.612394	4400	1	
4500	0.000001	28.319104	4500	1	
4600	0.000001	29.157128	4600	1	
4700	0.000001	30.721168	4700	1	
4800	0.000001	30.425703	4800	1	
4900	0.000001	28.803004	4900	1	
5000	0.000001	32.209529	5000	1	
5100	0.000001	32.205543	5100	1	
5200	0.000001	31.502093	5200	1	
5300	0.000002	34.408114	5300	1	
5400	0.000002	35.804678	5400	1	
5500	0.000002	35.014960	5500	1	
5600	0.000002	34.166133	5600	1	
5700	0.000002	35.994681	5700	1	
5800	0.000001	34.028842	5800	1	
5900	0.000002	34.922998	5900	1	
6000	0.000002	-34.551095	6000	1	
6100	0.000002	-33.648636	6100	1	
6200	0.000002	-31.730010	6200	1	
6300	0.000002	-28.462364	6300	1	
6400	0.000002	-25.082287	6400	1	
6500	0.000002	-26.918853	6500	1	
6600	0.000002	-25.550935	6600	1	
6700	0.000002	-23.393094	6700	1	
6800	0.000002	-23.728028	6800	1	
6900	0.000002	-20.418927	6900	1	
7000	0.000002	-18.058780	7000	1	
7100	0.000002	-16.979751	7100	1	
7200	0.000002	-16.312270	7200	1	
7300	0.000002	-14.880890	7300	1	
7400	0.000002	-14.168840	7400	1	
7500	0.000002	-10.151395	7500	1	
7600	0.000002	-10.021919	7600	1	
7700	0.000002	-9.013537	7700	1	
7800	0.000002	-10.011067	7800	1	
7900	0.000002	-8.099447	7900	1	
8000	0.000002	-3.126808	8000	1	
8100	0.000003	-5.812511	8100	1	
8200	0.000003	-0.711492	8200	1	
8300	0.000003	-2.816356	8300	1	
8400	0.000003	0.493731	8400	1	
8500	0.000003	-0.638605	8500	1	
8600	0.000003	-0.964720	8599	1	
8700	0.000003	1.666926	8700	1	
8800	0.000004	3.260214	8800	1	
8900	0.000003	3.713490	8900	1	
9000	0.000003	4.572405	9000	1	
9100	0.000003	6.025929	9099	1	
9200	0.000004	8.303971	9200	1	
9300	0.000004	8.890555	9300	1	
9400	0.000004	12.527646	9400	1	
9500	0.000004	11.605672	9500	1	
9600	0.000003	9.795884	9600	1	
9700	0.000004	11.368983	9700	1	
9800	0.000003	14.951599	9800	1	
9900	0.000002	14.852554	9900	1	
10000	0.000002	16.115420	10000	1	
