N	time	average ob	max ob	min ob	
1	0.000202	0.000000	0	0	
6	0.000461	14.300000	19	12	
11	0.000036	36.500000	45	29	
16	0.000027	64.100000	81	53	
21	0.000052	92.000000	110	80	
26	0.000052	128.300000	196	109	
31	0.000045	157.100000	167	138	
36	0.000113	187.200000	217	172	
41	0.000109	232.600000	285	211	
46	0.000089	263.200000	302	242	
51	0.000129	318.400000	369	263	
56	0.000076	348.600000	391	304	
61	0.000131	396.000000	455	349	
66	0.000103	437.100000	490	390	
71	0.000138	476.700000	544	421	
76	0.000086	506.900000	550	468	
81	0.000095	563.400000	657	504	
86	0.000097	614.400000	725	552	
91	0.000111	682.700000	821	632	
96	0.000194	676.100000	796	612	
101	0.000121	797.100000	900	723	
106	0.000161	832.300000	924	752	
111	0.000143	831.900000	915	754	
116	0.000152	912.900000	997	817	
121	0.000176	912.700000	984	846	
126	0.000388	1011.000000	1405	849	
131	0.000629	1038.300000	1226	953	
136	0.000233	1087.900000	1179	938	
141	0.000256	1208.200000	1392	1044	
146	0.000181	1198.700000	1349	1109	
151	0.000181	1286.000000	1390	1181	
156	0.000196	1288.400000	1454	1179	
161	0.000204	1419.500000	1560	1278	
166	0.000204	1352.200000	1474	1248	
171	0.000206	1440.700000	1563	1345	
176	0.000221	1532.900000	1827	1296	
181	0.000298	1514.000000	1689	1379	
186	0.000261	1649.300000	1974	1473	
191	0.000251	1718.400000	1976	1586	
196	0.000257	1746.100000	1980	1561	
201	0.000251	1779.400000	2316	1618	
206	0.000260	1842.200000	2080	1684	
211	0.000258	1833.500000	1971	1732	
216	0.000351	1946.900000	2181	1787	
221	0.000279	1987.400000	2269	1833	
226	0.000298	2114.000000	2383	1951	
231	0.000300	2146.200000	2412	1895	
236	0.000299	2159.500000	2396	2009	
241	0.000314	2207.100000	2314	2105	
246	0.000310	2297.100000	2523	2208	
251	0.000401	2332.600000	2626	2136	
256	0.000315	2310.100000	2416	2225	
261	0.000344	2426.900000	2646	2148	
266	0.000342	2486.800000	2818	2301	
271	0.000364	2577.900000	2926	2379	
276	0.000417	2567.900000	2776	2329	
281	0.000392	2614.300000	2811	2328	
286	0.000444	2639.800000	2930	2469	
291	0.000382	2866.400000	3076	2622	
296	0.000374	2740.200000	2922	2619	
301	0.000404	2877.000000	3132	2744	
306	0.000389	2850.400000	3100	2627	
311	0.000417	2994.600000	3271	2671	
316	0.000480	3001.700000	3327	2842	
321	0.000699	3155.000000	3496	2963	
326	0.000431	3099.600000	3395	2854	
331	0.000562	3231.500000	3652	3006	
336	0.000437	3330.800000	3712	2985	
341	0.000551	3421.900000	3871	3105	
346	0.000475	3381.600000	3813	3079	
351	0.000462	3380.900000	3634	3147	
356	0.000472	3582.700000	3996	3289	
361	0.001093	3725.400000	4179	3248	
366	0.000484	3607.600000	3962	3235	
371	0.000507	3805.500000	4393	3424	
376	0.000504	3812.200000	4300	3455	
381	0.000588	3999.500000	4308	3698	
386	0.000532	3926.500000	4260	3563	
391	0.000646	3949.300000	4312	3688	
396	0.000574	3969.600000	4436	3864	
401	0.000769	4069.400000	4691	3749	
406	0.000649	4101.000000	4465	3730	
411	0.000769	4034.300000	4449	3793	
416	0.000630	4222.800000	4543	3871	
421	0.000818	4370.100000	4707	4064	
426	0.000679	4340.600000	4919	3965	
431	0.000693	4467.700000	4851	4136	
436	0.000685	4688.900000	5375	4205	
441	0.001141	4610.900000	5969	4269	
446	0.000782	4525.900000	4823	4279	
451	0.001166	4788.700000	5479	4416	
456	0.000693	4748.900000	5000	4594	
461	0.000675	4797.800000	5655	4259	
466	0.000894	4855.500000	5293	4538	
471	0.001268	4838.100000	5131	4559	
476	0.000891	5028.500000	5415	4516	
481	0.000760	4893.400000	5194	4692	
486	0.000860	5197.900000	5721	4735	
491	0.000776	5269.100000	5932	4767	
496	0.000815	5371.400000	6087	4912	
501	0.000959	5271.100000	5729	4816	
506	0.000830	5417.200000	6077	5175	
511	0.000738	5419.800000	5793	5121	
516	0.000845	5509.300000	5933	5168	
521	0.001339	5478.900000	6619	5134	
526	0.000755	5599.800000	5866	5274	
531	0.000772	5486.900000	6210	5065	
536	0.000792	5743.100000	6247	5349	
541	0.000750	5807.200000	6284	5359	
546	0.000848	5798.700000	6171	5472	
551	0.001083	5882.500000	6773	5195	
556	0.000769	5946.000000	6846	5501	
561	0.000795	6211.500000	6742	5805	
566	0.000824	6207.900000	6627	5786	
571	0.001106	6353.800000	7131	5641	
576	0.000806	6155.000000	6632	5666	
581	0.000810	6456.200000	7152	6009	
586	0.000864	6132.700000	6675	5676	
591	0.000983	6633.800000	7109	6250	
596	0.000906	6442.300000	6790	5994	
601	0.000845	6412.900000	7201	5990	
606	0.000923	6832.200000	7431	6165	
611	0.000836	6571.300000	6955	6325	
616	0.001984	6783.200000	7618	6172	
621	0.000981	6890.900000	7401	6366	
626	0.000868	6956.500000	7873	6482	
631	0.000875	6767.100000	7388	6330	
636	0.000951	6969.100000	7310	6433	
641	0.000897	7190.600000	7984	6731	
646	0.000907	7159.400000	7601	6370	
651	0.001168	7150.700000	8040	6546	
656	0.001030	7325.200000	8154	6502	
661	0.001206	7635.500000	8383	7285	
666	0.001211	7604.200000	8290	6702	
671	0.001103	7494.300000	7936	7091	
676	0.001001	7363.700000	8171	7013	
681	0.001228	7657.900000	8779	7030	
686	0.001007	7629.300000	7937	7022	
691	0.002028	7875.100000	8883	7168	
696	0.000980	7720.700000	8277	7170	
701	0.001108	7936.500000	8736	7394	
706	0.001264	8170.500000	8712	7455	
711	0.001129	7969.800000	9600	7236	
716	0.001449	8280.700000	9017	7787	
721	0.001446	8280.300000	9117	7414	
726	0.002010	8392.000000	8977	7834	
731	0.001173	8486.100000	9400	7881	
736	0.001247	8337.400000	8907	7865	
741	0.001232	8384.400000	9368	7895	
746	0.001263	8588.700000	9558	7989	
751	0.001447	8457.200000	9312	8039	
756	0.001649	8570.300000	9064	7969	
761	0.001359	8756.400000	9923	8075	
766	0.001247	8624.700000	9045	8050	
771	0.001213	8994.600000	10217	8527	
776	0.001482	8948.800000	10557	8397	
781	0.001427	8871.900000	10176	8200	
786	0.001838	8906.400000	9553	8533	
791	0.001426	9158.100000	9788	8338	
796	0.001696	9197.800000	9621	8658	
801	0.001493	9363.600000	10369	8756	
806	0.001312	9218.100000	9996	8511	
811	0.001299	9469.300000	10329	8449	
816	0.001545	9337.100000	10104	8546	
821	0.001582	9188.000000	9647	8708	
826	0.001396	9705.600000	10800	8553	
831	0.001373	9430.700000	9895	8889	
836	0.001538	9879.400000	11140	9045	
841	0.001542	9985.500000	11352	8819	
846	0.001370	9888.200000	11660	9060	
851	0.001296	9863.200000	10899	9264	
856	0.001442	10113.100000	10924	9366	
861	0.001426	10106.200000	10976	9648	
866	0.001338	9889.700000	10494	9186	
871	0.001657	10163.500000	10893	9785	
876	0.001291	10214.200000	11530	9508	
881	0.001771	10241.900000	11236	9489	
886	0.002110	10342.100000	10990	9512	
891	0.002037	10314.700000	10532	9860	
896	0.001650	10510.600000	11337	9496	
901	0.001671	10656.300000	11490	10043	
906	0.001454	10642.600000	11344	9983	
911	0.001455	11076.000000	12509	10041	
916	0.001674	10749.200000	11082	10281	
921	0.002619	10927.000000	11838	10217	
926	0.001586	10922.800000	12384	10201	
931	0.001881	10986.900000	12066	10344	
936	0.001458	11039.500000	11861	10249	
941	0.001421	10830.200000	11608	10117	
946	0.001465	11216.400000	11934	10185	
951	0.001364	11035.200000	12111	10251	
956	0.001437	11096.200000	11781	10641	
961	0.001459	11422.800000	12174	10795	
966	0.001389	11247.400000	11908	10732	
971	0.001441	11593.100000	12463	10537	
976	0.001512	11847.400000	13173	10953	
981	0.001428	11739.000000	12731	11110	
986	0.001873	11965.400000	13135	11056	
991	0.001540	12324.800000	14405	11181	
996	0.001466	11505.800000	12330	10741	
