N	time	average ob	max ob	min ob	
1	0.000019	0.000000	0	0	
6	0.000057	10.380000	15	8	
11	0.000009	28.390000	41	22	
16	0.000011	50.890000	68	40	
21	0.000024	76.280000	121	61	
26	0.000020	105.000000	140	82	
31	0.000035	133.360000	188	106	
36	0.000052	164.080000	209	135	
41	0.000035	196.850000	249	166	
46	0.000044	231.130000	285	186	
51	0.000046	266.070000	364	223	
56	0.000059	301.320000	418	248	
61	0.000055	337.870000	448	277	
66	0.000136	379.440000	553	316	
71	0.000076	413.900000	563	343	
76	0.000071	448.430000	565	375	
81	0.000072	487.540000	712	401	
86	0.000105	529.540000	663	454	
91	0.000099	572.200000	809	472	
96	0.000088	618.640000	796	508	
101	0.000099	656.340000	827	565	
106	0.000133	705.940000	915	596	
111	0.000107	743.530000	929	626	
116	0.000117	782.080000	1007	664	
121	0.000131	825.820000	1073	712	
126	0.000130	870.350000	1101	746	
131	0.000141	909.750000	1159	793	
136	0.000163	954.610000	1198	818	
141	0.000159	1016.050000	1306	856	
146	0.000171	1054.460000	1431	880	
151	0.000179	1114.080000	1597	949	
156	0.000232	1140.850000	1378	981	
161	0.000235	1189.780000	1449	1000	
166	0.000211	1238.790000	1562	1075	
171	0.000208	1290.160000	1775	1123	
176	0.000190	1338.440000	1653	1132	
181	0.000192	1387.000000	1716	1176	
186	0.000208	1439.570000	1706	1225	
191	0.000231	1485.440000	1778	1263	
196	0.000210	1536.050000	1945	1344	
201	0.000266	1545.220000	1957	1354	
206	0.000230	1607.390000	2062	1352	
211	0.000228	1654.860000	1984	1448	
216	0.000249	1737.660000	2095	1527	
221	0.000331	1762.400000	2179	1539	
226	0.000316	1798.750000	2196	1605	
231	0.000385	1855.060000	2286	1627	
236	0.000309	1935.050000	2516	1657	
241	0.000389	1954.590000	2484	1705	
246	0.000354	2018.310000	2632	1769	
251	0.000405	2072.820000	2507	1833	
256	0.000490	2123.000000	2696	1828	
261	0.000405	2193.950000	2897	1931	
266	0.000396	2260.590000	2912	1926	
271	0.000385	2273.010000	2754	1956	
276	0.000379	2340.460000	2767	2006	
281	0.000357	2371.930000	2840	2078	
286	0.000533	2408.150000	2885	2151	
291	0.000571	2474.110000	3018	2180	
296	0.000372	2544.540000	3160	2196	
301	0.000445	2575.450000	3105	2217	
306	0.000400	2657.060000	3388	2351	
311	0.000603	2699.750000	3437	2422	
316	0.000440	2766.410000	3667	2397	
321	0.000504	2770.570000	3497	2447	
326	0.000700	2876.590000	3476	2528	
331	0.000672	2887.940000	3418	2570	
336	0.000752	2953.230000	3654	2621	
341	0.000708	2996.480000	3660	2642	
346	0.000753	3066.260000	3703	2662	
351	0.000736	3155.790000	3897	2815	
356	0.000685	3174.380000	4058	2799	
361	0.000911	3278.670000	4139	2878	
366	0.000482	3278.690000	4291	2837	
371	0.000521	3332.580000	4018	2908	
376	0.000604	3419.660000	4145	2987	
381	0.000494	3490.940000	4373	3108	
386	0.000574	3480.490000	4261	3069	
391	0.001270	3580.970000	4759	3101	
396	0.000728	3657.540000	4510	3213	
401	0.000720	3700.960000	4481	3156	
406	0.000489	3692.570000	4245	3239	
411	0.000489	3747.960000	4937	3326	
416	0.000876	3883.730000	4845	3418	
421	0.000778	3909.450000	4728	3471	
426	0.000513	3970.240000	5224	3542	
431	0.000636	4041.020000	5634	3575	
436	0.000608	4034.200000	4675	3534	
441	0.000607	4093.970000	4887	3606	
446	0.000759	4206.340000	5137	3740	
451	0.000639	4203.580000	4819	3714	
456	0.000583	4318.030000	5033	3773	
461	0.000664	4328.870000	5171	3805	
466	0.000706	4400.360000	5359	3779	
471	0.000593	4477.260000	5505	3932	
476	0.000587	4506.080000	5922	3933	
481	0.000705	4611.340000	5647	4070	
486	0.000697	4647.330000	5718	4141	
491	0.000648	4720.380000	5844	4208	
496	0.000668	4775.560000	5708	4188	
501	0.000701	4797.730000	5988	4205	
506	0.000691	4902.850000	5878	4307	
511	0.000693	4878.960000	5739	4329	
516	0.000891	5005.550000	6214	4414	
521	0.000737	5106.840000	6001	4517	
526	0.000775	5103.980000	6517	4440	
531	0.000642	5186.210000	6244	4630	
536	0.000684	5199.810000	6089	4725	
541	0.000686	5248.370000	6086	4670	
546	0.000924	5380.650000	6480	4780	
551	0.000820	5370.130000	6623	4699	
556	0.000815	5458.780000	6792	4876	
561	0.000779	5520.060000	6977	4935	
566	0.000794	5579.420000	6494	5051	
571	0.000827	5611.840000	7036	4958	
576	0.000818	5664.590000	7146	5030	
581	0.000843	5828.050000	6837	5137	
586	0.000738	5871.350000	6710	5191	
591	0.000748	5833.560000	6879	5262	
596	0.000776	5956.450000	6933	5293	
601	0.000800	5969.840000	7275	5348	
606	0.000895	6062.900000	7246	5386	
611	0.000800	6056.060000	6981	5397	
616	0.000783	6163.180000	7709	5518	
621	0.000813	6198.330000	7546	5486	
626	0.000824	6290.250000	7606	5635	
631	0.000811	6362.180000	7428	5552	
636	0.000928	6511.090000	7380	5785	
641	0.000775	6450.140000	7555	5757	
646	0.000834	6591.290000	7751	5953	
651	0.000868	6626.790000	8493	5866	
656	0.000914	6680.230000	8054	5924	
661	0.000858	6683.900000	8515	5870	
666	0.000929	6777.140000	7550	6082	
671	0.000956	6845.780000	8722	5933	
676	0.000950	6930.490000	8179	6227	
681	0.000908	6991.420000	8205	6222	
686	0.000989	7045.550000	8443	6196	
691	0.001049	7100.020000	8491	6348	
696	0.000903	7104.370000	8582	6370	
701	0.000940	7188.210000	8924	6414	
706	0.001079	7169.650000	8207	6354	
711	0.000968	7375.760000	9021	6667	
716	0.000888	7363.520000	8455	6501	
721	0.000998	7441.070000	8563	6715	
726	0.000943	7498.080000	8844	6671	
731	0.000976	7590.590000	9093	6784	
736	0.000984	7538.310000	10530	6852	
741	0.001025	7650.350000	9040	6666	
746	0.000965	7825.760000	9296	6881	
751	0.001008	7795.380000	9108	6950	
756	0.001011	7927.970000	9491	7006	
761	0.000968	7979.260000	9523	7155	
766	0.001001	7924.810000	9378	7139	
771	0.001065	8115.790000	10018	7189	
776	0.001059	8075.320000	9337	7217	
781	0.001028	8201.350000	10515	7461	
786	0.001016	8378.120000	10479	7402	
791	0.001109	8268.840000	9726	7314	
796	0.001106	8299.300000	10685	7473	
801	0.001008	8438.140000	9499	7506	
806	0.001043	8506.950000	10441	7620	
811	0.001100	8546.360000	10480	7589	
816	0.001093	8521.940000	10106	7785	
821	0.001143	8770.450000	10561	7614	
826	0.001191	8759.370000	10806	7882	
831	0.001143	8944.650000	10906	7881	
836	0.001150	8844.900000	10316	7990	
841	0.001092	8895.400000	10808	7997	
846	0.001155	9062.420000	10897	8141	
851	0.001201	9045.710000	10187	8092	
856	0.001198	9193.010000	10877	8256	
861	0.001184	9105.720000	11020	8085	
866	0.001129	9254.410000	10851	8228	
871	0.001143	9334.770000	11007	8365	
876	0.001121	9518.860000	11566	8303	
881	0.001213	9482.360000	12060	8257	
886	0.001309	9543.810000	11102	8459	
891	0.001338	9672.970000	11302	8711	
896	0.001183	9663.280000	11404	8744	
901	0.001178	9707.730000	12051	8571	
906	0.001159	9732.890000	11177	8723	
911	0.001182	9704.660000	11627	8751	
916	0.001286	9797.200000	11788	8838	
921	0.001190	10098.820000	12078	9002	
926	0.001189	10102.060000	11860	9153	
931	0.001278	10122.220000	11626	9159	
936	0.001200	10273.200000	12551	9180	
941	0.001359	10202.660000	11972	9111	
946	0.001349	10255.660000	12643	9171	
951	0.001308	10431.860000	12710	9210	
956	0.001225	10414.490000	12238	9380	
961	0.001275	10396.360000	12343	9541	
966	0.001379	10576.830000	12788	9523	
971	0.001297	10557.500000	12852	9354	
976	0.001319	10622.370000	12479	9588	
981	0.001275	10629.210000	12461	9612	
986	0.001299	10746.030000	12199	9591	
991	0.001313	10791.730000	13401	9595	
996	0.001303	10974.980000	13599	9521	
