N	time	average ob	max ob	min ob	
1	0.000182	0.000000	0	0	
6	0.000194	11.500000	15	7	
11	0.000028	36.500000	42	31	
16	0.000008	71.600000	87	55	
21	0.000013	123.300000	142	87	
26	0.000018	184.600000	227	155	
31	0.000026	258.600000	293	228	
36	0.000033	345.100000	392	313	
41	0.000040	426.600000	495	387	
46	0.000056	579.900000	680	467	
51	0.000134	685.900000	735	622	
56	0.000113	817.600000	948	741	
61	0.000104	938.800000	1004	823	
66	0.000143	1108.200000	1280	934	
71	0.000178	1318.800000	1403	1212	
76	0.000173	1496.300000	1643	1357	
81	0.000162	1685.400000	1809	1560	
86	0.000308	1971.500000	2166	1762	
91	0.000106	2087.000000	2253	1748	
96	0.000239	2388.500000	2661	2129	
101	0.000153	2576.000000	2836	2405	
106	0.000200	2852.800000	3014	2560	
111	0.000199	3043.800000	3407	2488	
116	0.000176	3448.200000	3743	3080	
121	0.000523	3773.500000	3941	3630	
126	0.000244	4134.600000	4430	3682	
131	0.000391	4313.700000	4693	3844	
136	0.000271	4706.900000	5064	4202	
141	0.000512	5079.700000	5460	4729	
146	0.000384	5433.900000	5901	5064	
151	0.000477	5821.000000	6273	5313	
156	0.000322	6086.300000	6564	5421	
161	0.000614	6699.400000	7080	6133	
166	0.000546	7167.300000	7677	6601	
171	0.000516	7349.600000	7839	6919	
176	0.001377	8120.700000	8780	7601	
181	0.001141	8278.000000	8706	8018	
186	0.001151	8868.100000	10057	8186	
191	0.001025	9265.900000	9834	8837	
196	0.001149	10024.300000	10621	9030	
201	0.000722	10205.700000	11275	9458	
206	0.000791	10652.400000	11195	9704	
211	0.001053	11345.000000	12202	10422	
216	0.000948	11910.800000	13252	11122	
221	0.002148	12431.100000	13382	11776	
226	0.002158	12799.300000	14080	11596	
231	0.001007	13212.100000	13668	12818	
236	0.001239	13978.700000	14839	13268	
241	0.001338	14646.300000	16510	13497	
246	0.001014	15464.000000	16392	14776	
251	0.001439	16208.600000	16979	15057	
256	0.001346	16863.500000	17769	15752	
261	0.001945	17004.200000	17613	15924	
266	0.001114	17685.600000	18420	16971	
271	0.001292	18684.100000	20003	17489	
276	0.001767	18983.000000	20629	17618	
281	0.001481	20022.400000	20954	18453	
286	0.002325	21169.300000	22237	18828	
291	0.002512	21172.500000	22563	19815	
296	0.001451	22034.300000	23960	20234	
301	0.001650	23015.300000	24385	21993	
306	0.001688	23280.400000	24081	22632	
311	0.001749	24754.800000	27228	22862	
316	0.002014	25573.300000	27398	23846	
321	0.001646	25687.500000	27177	24531	
326	0.002949	27030.500000	28306	25737	
331	0.001874	27793.800000	29427	24901	
336	0.002776	28323.400000	30203	27060	
341	0.002964	28859.700000	29842	27428	
346	0.002393	30087.200000	31754	28632	
351	0.002539	31126.800000	33113	29444	
356	0.003000	31489.700000	32662	29106	
361	0.003959	32959.200000	35386	31277	
366	0.003484	33517.400000	35970	32188	
371	0.004558	34586.700000	36582	33282	
376	0.004875	35629.900000	36609	32519	
381	0.004107	36209.700000	37427	34304	
386	0.004630	37212.600000	39587	35171	
391	0.004047	38539.800000	40481	36742	
396	0.003480	39224.800000	41118	36918	
401	0.003241	40014.400000	41567	37879	
406	0.003488	40267.900000	42322	39244	
411	0.005100	41698.600000	44395	40258	
416	0.003353	42778.500000	45655	40784	
421	0.003737	44966.500000	46154	43880	
426	0.005317	45466.300000	46855	43981	
431	0.004364	46777.400000	48472	45047	
436	0.004839	47442.100000	49734	45226	
441	0.003146	49152.700000	52687	46691	
446	0.002849	50026.500000	52125	47874	
451	0.003316	50966.300000	52909	48185	
456	0.003695	52023.900000	55611	49222	
461	0.002926	53339.700000	55366	52196	
466	0.003598	54230.900000	56474	50519	
471	0.003045	55137.500000	59064	50803	
476	0.003304	57371.000000	59310	55782	
481	0.005931	59004.900000	60647	56787	
486	0.003481	59974.500000	62622	58220	
491	0.004161	60991.800000	64631	56988	
496	0.004264	61070.600000	64440	59401	
501	0.004824	63080.000000	64990	61474	
506	0.007097	64737.100000	67340	60947	
511	0.004583	65951.100000	69813	63584	
516	0.005196	67395.200000	70693	64726	
521	0.004660	68982.200000	72402	65703	
526	0.006631	70050.100000	73332	66553	
531	0.004143	71017.800000	74654	67468	
536	0.007439	71762.100000	74471	70189	
541	0.007093	73954.000000	80093	70487	
546	0.006101	75211.600000	77396	71177	
551	0.009311	76027.000000	78387	73767	
556	0.005574	78003.000000	81090	72571	
561	0.008258	77822.800000	81775	73331	
566	0.007415	79620.500000	81798	76725	
571	0.006034	82317.900000	85762	80615	
576	0.006547	83577.400000	85342	81842	
581	0.006714	83953.500000	85448	79543	
586	0.006763	85267.100000	89399	80622	
591	0.008343	87404.200000	92596	84596	
596	0.009069	88987.700000	92653	82700	
601	0.008011	91018.900000	96559	85317	
606	0.006128	93544.100000	95353	91544	
611	0.009103	94184.800000	97822	88472	
616	0.008519	97179.800000	101896	92876	
621	0.009182	96692.000000	99075	93701	
626	0.010721	100079.100000	105441	93305	
631	0.011368	100974.700000	105870	94609	
636	0.011954	100970.500000	105813	95619	
641	0.011787	103277.100000	106272	100199	
646	0.011216	104803.400000	108162	97596	
651	0.010131	107193.400000	112076	101358	
656	0.010409	109167.600000	111863	105890	
661	0.006533	109720.700000	114437	105283	
666	0.007099	110925.600000	113376	108937	
671	0.011489	114165.600000	117176	109109	
676	0.008299	115095.200000	121668	111623	
681	0.009533	115786.000000	119969	111004	
686	0.011352	117972.400000	123752	114018	
691	0.011060	121314.400000	125551	117651	
696	0.020370	121645.900000	127330	117644	
701	0.016847	123139.600000	125508	118720	
706	0.019692	125284.100000	130630	120354	
711	0.019935	125824.100000	131722	121009	
716	0.020761	126818.700000	130667	123469	
721	0.021749	132083.200000	138009	126746	
726	0.019631	130091.500000	138482	123906	
731	0.023957	133543.500000	139186	126802	
736	0.023820	136180.300000	141427	131194	
741	0.023997	137234.200000	141912	130781	
746	0.024018	138724.800000	142077	131088	
751	0.023522	143510.500000	149177	137552	
756	0.027219	143465.900000	153966	136718	
761	0.025585	143408.300000	147676	136991	
766	0.025036	148968.300000	157437	143475	
771	0.025687	149025.100000	155659	143436	
776	0.024242	151422.100000	155217	147486	
781	0.027495	151353.200000	156012	146207	
786	0.013317	153818.900000	158825	149270	
791	0.012958	157868.600000	163162	152999	
796	0.018194	158721.100000	163556	149711	
801	0.016421	159693.100000	164922	154474	
806	0.013649	163017.100000	169340	159740	
811	0.015898	165321.500000	170329	160917	
816	0.015212	168797.400000	172058	164675	
821	0.018366	168156.200000	173209	164158	
826	0.030046	171452.800000	177496	162256	
831	0.016392	172683.300000	178630	166280	
836	0.017170	175156.200000	185448	168668	
841	0.017899	177716.100000	182503	171601	
846	0.019450	179525.100000	186095	175563	
851	0.016523	182542.300000	191466	174416	
856	0.016419	183566.000000	189948	175696	
861	0.016013	184040.700000	191358	177418	
866	0.018438	189209.600000	196548	183302	
871	0.019987	190359.600000	198166	185520	
876	0.021444	191873.700000	195254	187410	
881	0.015969	193329.000000	198329	187211	
886	0.015467	195115.900000	205299	183932	
891	0.019394	198557.700000	204770	191600	
896	0.017472	203001.200000	208255	197613	
901	0.023959	204705.000000	214574	194566	
906	0.022152	205029.500000	212863	196366	
911	0.022008	208062.900000	216417	201370	
916	0.021247	212395.300000	222630	208222	
921	0.023969	213425.000000	222277	207030	
926	0.019645	214981.300000	221859	202232	
931	0.021662	219331.100000	223161	212836	
936	0.022139	220304.700000	224962	214732	
941	0.025861	219381.800000	228146	212806	
946	0.022796	223630.400000	231759	208421	
951	0.024349	225276.600000	231788	218578	
956	0.020954	229617.000000	233945	221851	
961	0.022786	232595.700000	239069	221510	
966	0.025284	234086.500000	238811	226924	
971	0.023693	235917.200000	246922	228908	
976	0.022047	240816.500000	249162	228437	
981	0.022024	243280.400000	249368	237535	
986	0.016797	243207.900000	256526	237008	
991	0.014169	245255.500000	251897	235521	
996	0.015803	248520.400000	254428	242712	
