1	0.000131	0.000000	0	0	
11	0.000196	33.950000	51	24	
21	0.000025	92.600000	123	76	
31	0.000044	197.650000	233	164	
41	0.000079	299.200000	354	247	
51	0.000065	435.500000	561	345	
61	0.000235	593.750000	719	490	
71	0.000128	776.750000	922	592	
81	0.000112	965.400000	1240	803	
91	0.000170	1153.500000	1553	872	
101	0.000151	1464.850000	2156	1193	
111	0.000173	1590.350000	1912	1367	
121	0.000187	1918.650000	2576	1440	
131	0.000224	2216.150000	2739	1905	
141	0.000273	2631.750000	3500	2329	
151	0.000343	2969.000000	3705	2417	
161	0.000306	3225.600000	3613	2789	
171	0.000395	3767.550000	4394	3083	
181	0.000345	4123.150000	5197	3444	
191	0.000360	4373.300000	5004	3584	
201	0.000374	5048.200000	5682	4488	
211	0.000445	5391.350000	6342	4328	
221	0.000460	5995.600000	7277	5168	
231	0.000506	6508.200000	7597	5734	
241	0.000487	6875.700000	7926	5910	
251	0.000659	7598.400000	9314	6800	
261	0.000673	7895.750000	9053	6603	
271	0.000587	8842.300000	9676	7629	
281	0.000653	9099.950000	10504	8010	
291	0.000678	9711.950000	10697	7644	
301	0.000693	10575.500000	12020	9560	
311	0.000763	11042.400000	12693	9486	
321	0.000950	11829.400000	13102	10226	
331	0.001523	12598.400000	14552	11147	
341	0.001060	13950.250000	15282	12555	
351	0.000889	14043.300000	15715	12849	
361	0.000998	15384.750000	18323	14147	
371	0.000994	15989.700000	18483	14011	
381	0.001023	16423.400000	18726	15099	
391	0.001226	16965.950000	18598	14101	
401	0.001065	18120.800000	21141	16724	
411	0.001198	19320.700000	21465	17505	
421	0.001516	19890.500000	22535	18381	
431	0.001256	20801.350000	23121	18634	
441	0.001368	21569.950000	25882	19101	
451	0.001674	22498.800000	25694	20195	
461	0.001600	24416.700000	27176	22039	
471	0.001670	24814.450000	28753	21945	
481	0.002205	25258.850000	28601	22398	
491	0.001857	26589.100000	29078	24081	
501	0.001550	27682.800000	30590	25303	
511	0.001787	28885.000000	31763	26380	
521	0.002075	30044.250000	32636	26764	
531	0.001943	31407.450000	33627	28915	
541	0.002389	32056.350000	34215	29149	
551	0.002132	33970.900000	38363	32046	
561	0.002264	34869.450000	38561	31953	
571	0.001972	35586.000000	38425	32701	
581	0.002089	36204.150000	39419	33659	
591	0.002755	37810.300000	40402	35883	
601	0.003219	39337.000000	42777	34146	
611	0.002221	40946.550000	44189	37533	
621	0.002220	41415.700000	46684	36364	
631	0.002465	43401.050000	47860	40134	
641	0.002177	43893.050000	46935	40330	
651	0.002625	45262.250000	49912	39862	
661	0.002281	47456.900000	52247	43646	
671	0.002501	48899.350000	53316	43137	
681	0.002941	50897.900000	55123	47749	
691	0.003088	51947.750000	59248	46313	
701	0.002801	52684.700000	57052	47876	
711	0.003421	55646.200000	59159	48632	
721	0.003237	55503.050000	60164	49977	
731	0.003430	58730.550000	63456	53782	
741	0.003740	59056.200000	64758	52797	
751	0.004136	60935.600000	67251	54191	
761	0.003478	61706.750000	67644	56834	
771	0.003155	63875.450000	66896	59062	
781	0.003594	64820.950000	69910	60395	
791	0.003351	67180.000000	72499	60586	
801	0.003991	69005.150000	77088	62680	
811	0.004186	69307.950000	73923	64192	
821	0.003446	72430.600000	80574	66852	
831	0.004534	74963.950000	81205	70105	
841	0.003812	75734.700000	83459	68073	
851	0.004671	77181.400000	83072	67282	
861	0.004327	77670.450000	81027	73489	
871	0.004516	79951.850000	85595	73843	
881	0.004154	81945.100000	88402	73858	
891	0.004299	84544.850000	89988	80619	
901	0.013944	87810.950000	94449	80298	
911	0.008369	90258.650000	95426	83379	
921	0.004514	91461.850000	97063	80865	
931	0.004744	92139.900000	100968	87994	
941	0.005589	93358.600000	105031	83939	
951	0.004762	96246.350000	105325	88440	
961	0.005822	97885.050000	102153	89748	
971	0.004751	99718.250000	107592	92681	
981	0.005598	102292.650000	110269	94947	
991	0.005520	103077.150000	111611	96949	
