1	0.000091	0.000000	0	0	
11	0.000221	27.650000	36	22	
21	0.000025	73.550000	87	62	
31	0.000041	128.000000	170	110	
41	0.000072	208.750000	234	164	
51	0.000070	258.200000	329	224	
61	0.000210	339.750000	422	288	
71	0.000127	405.450000	491	339	
81	0.000100	502.550000	654	432	
91	0.000131	572.400000	796	495	
101	0.000182	651.400000	810	539	
111	0.000160	746.250000	854	660	
121	0.000170	846.250000	942	708	
131	0.000180	913.900000	989	834	
141	0.000235	1033.600000	1279	903	
151	0.000274	1079.050000	1268	964	
161	0.000216	1217.950000	1421	1050	
171	0.000287	1264.500000	1422	1151	
181	0.000247	1393.950000	1717	1210	
191	0.000303	1469.150000	1664	1324	
201	0.000287	1536.900000	1831	1380	
211	0.000473	1667.050000	1913	1503	
221	0.000348	1723.450000	1901	1551	
231	0.000330	1850.850000	2286	1691	
241	0.000744	1979.250000	2346	1704	
251	0.000447	2105.900000	2532	1858	
261	0.000526	2181.750000	2493	1883	
271	0.000520	2278.850000	2711	2034	
281	0.000623	2361.850000	2705	2146	
291	0.000814	2471.050000	2932	2205	
301	0.000560	2552.800000	3171	2280	
311	0.000557	2704.950000	3224	2381	
321	0.000609	2760.850000	3189	2427	
331	0.000651	3004.100000	3652	2658	
341	0.000516	2982.800000	3281	2718	
351	0.000621	3145.350000	3691	2823	
361	0.000859	3383.700000	4007	3017	
371	0.000791	3347.350000	3825	2929	
381	0.000720	3360.050000	3790	3038	
391	0.000782	3553.950000	3914	3324	
401	0.000978	3682.750000	4219	3417	
411	0.001126	3741.950000	4244	3409	
421	0.000808	3957.100000	4325	3502	
431	0.000818	4063.100000	4600	3660	
441	0.000838	4163.450000	4593	3799	
451	0.000733	4140.950000	4831	3844	
461	0.001196	4308.150000	4865	3844	
471	0.000776	4363.850000	4778	4027	
481	0.000766	4511.050000	5029	4068	
491	0.000998	4714.900000	5439	4233	
501	0.000845	4831.400000	5493	4352	
511	0.001070	4979.350000	5816	4456	
521	0.000865	5113.550000	6504	4579	
531	0.000899	5288.800000	5853	4767	
541	0.000918	5188.050000	5732	4763	
551	0.000919	5417.500000	6006	4912	
561	0.001249	5400.800000	6004	5009	
571	0.000986	5763.150000	7134	5123	
581	0.000972	5716.550000	6379	5265	
591	0.001086	5882.100000	6540	5477	
601	0.001097	6005.550000	7481	5480	
611	0.001007	6043.000000	6643	5543	
621	0.001171	6408.100000	7077	5747	
631	0.001269	6528.050000	7052	5828	
641	0.001107	6533.700000	7414	5874	
651	0.001055	6503.950000	7280	5762	
661	0.001160	6737.300000	7538	6184	
671	0.001570	6890.250000	8040	6287	
681	0.001313	7080.100000	8405	6437	
691	0.001828	7083.300000	8235	6697	
701	0.001600	7139.350000	8132	6519	
711	0.001251	7346.200000	8136	6392	
721	0.001194	7252.400000	8180	6510	
731	0.001314	7815.450000	9190	7185	
741	0.001306	7671.700000	8952	6890	
751	0.001373	7809.250000	9081	7194	
761	0.001354	8018.800000	9514	7366	
771	0.001428	7867.850000	8792	7481	
781	0.001415	8156.500000	8814	7324	
791	0.001401	8427.450000	9792	7579	
801	0.001493	8667.700000	9986	7796	
811	0.001541	8638.050000	9639	7759	
821	0.001391	8645.950000	9590	8097	
831	0.001504	8909.500000	10520	8076	
841	0.001473	8948.150000	9890	8198	
851	0.001618	8989.050000	10306	8057	
861	0.001690	9409.550000	10493	8661	
871	0.001537	9142.100000	9985	8349	
881	0.001673	9576.800000	11325	8714	
891	0.001739	9793.700000	10927	9003	
901	0.001543	9635.600000	10846	8912	
911	0.001924	10052.050000	13234	8701	
921	0.001706	10062.450000	12516	8985	
931	0.002268	10255.600000	11959	9525	
941	0.001983	10163.450000	11196	9084	
951	0.002255	10464.850000	11550	9720	
961	0.001884	10518.850000	12885	9386	
971	0.001738	10497.650000	11381	9535	
981	0.001890	10657.750000	11612	9882	
991	0.001768	10713.050000	11861	9726	
