1000	0.000029	500.500000	1000	1	
1100	0.000019	550.500000	1100	1	
1200	0.000021	600.500000	1200	1	
1300	0.000024	650.500000	1300	1	
1400	0.000023	700.500000	1400	1	
1500	0.000025	750.500000	1500	1	
1600	0.000028	800.500000	1600	1	
1700	0.000031	850.500000	1700	1	
1800	0.000030	900.500000	1800	1	
1900	0.000033	950.500000	1900	1	
2000	0.000036	1000.500000	2000	1	
2100	0.000038	1050.500000	2100	1	
2200	0.000037	1100.500000	2200	1	
2300	0.000044	1150.500000	2300	1	
2400	0.000047	1200.500000	2400	1	
2500	0.000049	1250.500000	2500	1	
2600	0.000049	1300.500000	2600	1	
2700	0.000054	1350.500000	2700	1	
2800	0.000052	1400.500000	2800	1	
2900	0.000052	1450.500000	2900	1	
3000	0.000059	1500.500000	3000	1	
3100	0.000054	1550.500000	3100	1	
3200	0.000059	1600.500000	3200	1	
3300	0.000063	1650.500000	3300	1	
3400	0.000088	1700.500000	3400	1	
3500	0.000067	1750.500000	3500	1	
3600	0.000063	1800.500000	3600	1	
3700	0.000079	1850.500000	3700	1	
3800	0.000083	1900.500000	3800	1	
3900	0.000083	1950.500000	3900	1	
4000	0.000071	2000.500000	4000	1	
4100	0.000078	2050.500000	4100	1	
4200	0.000078	2100.500000	4200	1	
4300	0.000074	2150.500000	4300	1	
4400	0.000082	2200.500000	4400	1	
4500	0.000087	2250.500000	4500	1	
4600	0.000091	2300.500000	4600	1	
4700	0.000094	2350.500000	4700	1	
4800	0.000118	2400.500000	4800	1	
4900	0.000116	2450.500000	4900	1	
5000	0.000096	2500.500000	5000	1	
5100	0.000120	2550.500000	5100	1	
5200	0.000106	2600.500000	5200	1	
5300	0.000107	2650.500000	5300	1	
5400	0.000102	2700.500000	5400	1	
5500	0.000138	2750.500000	5500	1	
5600	0.000112	2800.500000	5600	1	
5700	0.000104	2850.500000	5700	1	
5800	0.000113	2900.500000	5800	1	
5900	0.000114	2950.500000	5900	1	
6000	0.000105	3000.500000	6000	1	
6100	0.000102	3050.500000	6100	1	
6200	0.000105	3100.500000	6200	1	
6300	0.000106	3150.500000	6300	1	
6400	0.000110	3200.500000	6400	1	
6500	0.000108	3250.500000	6500	1	
6600	0.000110	3300.500000	6600	1	
6700	0.000113	3350.500000	6700	1	
6800	0.000114	3400.500000	6800	1	
6900	0.000118	3450.500000	6900	1	
7000	0.000119	3500.500000	7000	1	
7100	0.000125	3550.500000	7100	1	
7200	0.000121	3600.500000	7200	1	
7300	0.000123	3650.500000	7300	1	
7400	0.000128	3700.500000	7400	1	
7500	0.000134	3750.500000	7500	1	
7600	0.000130	3800.500000	7600	1	
7700	0.000171	3850.500000	7700	1	
7800	0.000148	3900.500000	7800	1	
7900	0.000174	3950.500000	7900	1	
8000	0.000246	4000.500000	8000	1	
8100	0.000181	4050.500000	8100	1	
8200	0.000164	4100.500000	8200	1	
8300	0.000176	4150.500000	8300	1	
8400	0.000152	4200.500000	8400	1	
8500	0.000145	4250.500000	8500	1	
8600	0.000159	4300.500000	8600	1	
8700	0.000171	4350.500000	8700	1	
8800	0.000158	4400.500000	8800	1	
8900	0.000165	4450.500000	8900	1	
9000	0.000189	4500.500000	9000	1	
9100	0.000176	4550.500000	9100	1	
9200	0.000180	4600.500000	9200	1	
9300	0.000164	4650.500000	9300	1	
9400	0.000161	4700.500000	9400	1	
9500	0.000162	4750.500000	9500	1	
9600	0.000163	4800.500000	9600	1	
9700	0.000165	4850.500000	9700	1	
9800	0.000173	4900.500000	9800	1	
9900	0.000197	4950.500000	9900	1	
10000	0.000202	5000.500000	10000	1	
