N	time	avg_ob	max_ob	min_ob	
1	0.000013	0.000000	0	0	
6	0.000066	10.040000	11	8	
11	0.000064	26.430000	29	22	
16	0.000107	45.540000	49	41	
21	0.000107	68.310000	73	63	
26	0.000317	91.640000	98	83	
31	0.000110	116.360000	121	109	
36	0.000137	143.090000	149	136	
41	0.000163	170.310000	179	161	
46	0.000269	199.030000	208	191	
51	0.000303	227.950000	239	218	
56	0.000486	257.060000	267	245	
61	0.000267	287.280000	295	271	
66	0.000602	318.320000	329	305	
71	0.000498	349.320000	360	337	
76	0.000441	382.970000	393	369	
81	0.000511	414.020000	427	402	
86	0.000463	447.820000	464	434	
91	0.000461	480.500000	491	467	
96	0.000533	515.010000	526	502	
101	0.000455	548.900000	562	534	
106	0.000494	582.560000	599	568	
111	0.000529	618.300000	635	605	
116	0.000731	652.530000	666	636	
121	0.000799	687.550000	702	673	
126	0.000735	722.900000	735	705	
131	0.000952	758.940000	774	745	
136	0.000837	796.120000	809	782	
141	0.000972	832.270000	847	811	
146	0.001175	869.450000	893	851	
151	0.001021	907.940000	929	890	
156	0.000612	944.550000	964	930	
161	0.000870	982.280000	1002	964	
166	0.000789	1020.670000	1039	1000	
171	0.000807	1058.930000	1081	1039	
176	0.001128	1095.430000	1114	1059	
181	0.000772	1135.230000	1151	1116	
186	0.000854	1173.830000	1188	1156	
191	0.000948	1210.440000	1227	1187	
196	0.001034	1250.520000	1270	1221	
201	0.001211	1289.890000	1310	1264	
206	0.000985	1330.170000	1353	1313	
211	0.001328	1368.700000	1389	1348	
216	0.001072	1406.870000	1428	1383	
221	0.001168	1447.320000	1469	1426	
226	0.001686	1487.330000	1507	1462	
231	0.000931	1526.940000	1549	1503	
236	0.001100	1564.850000	1588	1541	
241	0.001164	1607.530000	1622	1586	
246	0.001249	1645.870000	1660	1622	
251	0.001270	1685.240000	1704	1662	
256	0.001189	1726.370000	1753	1700	
261	0.001327	1768.830000	1787	1739	
266	0.001463	1810.210000	1827	1794	
271	0.001076	1852.730000	1877	1828	
276	0.001166	1895.880000	1917	1878	
281	0.001116	1935.810000	1959	1913	
286	0.001090	1978.830000	2010	1942	
291	0.001546	2021.510000	2045	1992	
296	0.001833	2064.290000	2091	2043	
301	0.001506	2107.460000	2131	2079	
306	0.001337	2148.570000	2183	2118	
311	0.001715	2190.480000	2219	2162	
316	0.001557	2232.310000	2260	2209	
321	0.001484	2275.000000	2298	2246	
326	0.001120	2318.670000	2340	2293	
331	0.001430	2362.960000	2392	2341	
336	0.001481	2406.270000	2427	2375	
341	0.001212	2447.070000	2472	2422	
346	0.001464	2491.610000	2514	2457	
351	0.001558	2533.990000	2562	2501	
356	0.001795	2578.520000	2603	2550	
361	0.001380	2618.470000	2644	2594	
366	0.001747	2663.830000	2689	2634	
371	0.001539	2705.740000	2736	2675	
376	0.002148	2751.090000	2782	2726	
381	0.001597	2792.530000	2819	2763	
386	0.001714	2837.480000	2863	2814	
391	0.001970	2880.560000	2916	2849	
396	0.002470	2926.450000	2962	2899	
401	0.001744	2970.830000	2997	2924	
406	0.001464	3015.730000	3040	2982	
411	0.002616	3060.130000	3083	3021	
416	0.003027	3102.430000	3131	3077	
421	0.002030	3148.700000	3173	3124	
426	0.002867	3193.600000	3222	3164	
431	0.003063	3234.850000	3264	3208	
436	0.001654	3281.590000	3307	3230	
441	0.001624	3326.460000	3366	3281	
446	0.001668	3370.650000	3394	3326	
451	0.002820	3414.810000	3438	3387	
456	0.002109	3460.530000	3497	3423	
461	0.001702	3503.610000	3533	3474	
466	0.001990	3549.410000	3583	3516	
471	0.002464	3596.140000	3623	3573	
476	0.001911	3637.530000	3665	3598	
481	0.001957	3683.550000	3708	3639	
486	0.002476	3728.410000	3756	3699	
491	0.002460	3774.490000	3804	3742	
496	0.002479	3819.870000	3846	3790	
501	0.002138	3863.430000	3894	3827	
506	0.002080	3908.740000	3939	3878	
511	0.002441	3952.550000	3989	3919	
516	0.002354	4000.320000	4034	3969	
521	0.001925	4047.370000	4077	4001	
526	0.003389	4093.690000	4130	4060	
531	0.003256	4140.510000	4178	4110	
536	0.003084	4188.990000	4216	4156	
541	0.003594	4235.580000	4276	4200	
546	0.004436	4282.710000	4313	4252	
551	0.004070	4328.320000	4359	4294	
556	0.002468	4377.350000	4411	4331	
561	0.002032	4423.110000	4452	4388	
566	0.002407	4473.780000	4501	4441	
571	0.002155	4520.630000	4549	4476	
576	0.002227	4566.940000	4595	4533	
581	0.002273	4614.310000	4656	4578	
586	0.002718	4662.140000	4698	4621	
591	0.002448	4706.260000	4739	4663	
596	0.003035	4753.590000	4787	4721	
601	0.003075	4803.850000	4846	4759	
606	0.003090	4851.290000	4887	4819	
611	0.003198	4897.360000	4932	4861	
616	0.002935	4944.610000	4974	4903	
621	0.003055	4990.210000	5026	4952	
626	0.003203	5037.780000	5074	4998	
631	0.002767	5088.100000	5132	5054	
636	0.003304	5134.920000	5165	5075	
641	0.003180	5181.810000	5217	5147	
646	0.002671	5231.470000	5271	5183	
651	0.002662	5280.590000	5319	5247	
656	0.002621	5326.640000	5365	5292	
661	0.002793	5372.020000	5412	5334	
666	0.002611	5424.920000	5458	5388	
671	0.003065	5472.100000	5503	5437	
676	0.003128	5520.740000	5551	5484	
681	0.003217	5564.160000	5617	5520	
686	0.003107	5612.750000	5653	5575	
691	0.003214	5662.750000	5707	5628	
696	0.003378	5709.060000	5741	5672	
701	0.002746	5761.470000	5795	5726	
706	0.003328	5808.620000	5856	5747	
711	0.002668	5856.840000	5893	5820	
716	0.003057	5902.640000	5954	5873	
721	0.003331	5953.220000	5996	5890	
726	0.003172	5998.310000	6027	5962	
731	0.003361	6048.580000	6088	6019	
736	0.002823	6095.420000	6136	6064	
741	0.003124	6144.980000	6193	6109	
746	0.002975	6192.850000	6229	6147	
751	0.003253	6246.020000	6287	6211	
756	0.003168	6291.370000	6329	6245	
761	0.002993	6338.960000	6372	6308	
766	0.003175	6386.860000	6436	6335	
771	0.003622	6437.930000	6471	6398	
776	0.003737	6484.690000	6522	6445	
781	0.003966	6534.800000	6575	6499	
786	0.004266	6587.880000	6628	6556	
791	0.004570	6631.660000	6686	6597	
796	0.003806	6680.060000	6718	6623	
801	0.003438	6728.680000	6769	6692	
806	0.004706	6777.670000	6817	6729	
811	0.003827	6829.930000	6870	6785	
816	0.003566	6877.730000	6916	6836	
821	0.003816	6930.150000	6977	6898	
826	0.003675	6976.540000	7010	6943	
831	0.003639	7026.490000	7074	6966	
836	0.004242	7077.160000	7122	7041	
841	0.003639	7126.080000	7180	7093	
846	0.004469	7174.830000	7208	7134	
851	0.004458	7222.910000	7266	7176	
856	0.005477	7274.980000	7318	7231	
861	0.005044	7324.280000	7370	7268	
866	0.003624	7370.300000	7423	7329	
871	0.005986	7422.310000	7465	7385	
876	0.005174	7472.430000	7506	7429	
881	0.004282	7522.920000	7564	7475	
886	0.004665	7572.060000	7604	7527	
891	0.004697	7618.930000	7660	7581	
896	0.004026	7670.600000	7702	7633	
901	0.003733	7721.380000	7770	7669	
906	0.005236	7769.930000	7812	7721	
911	0.005147	7818.210000	7860	7783	
916	0.005149	7869.340000	7910	7836	
921	0.004762	7917.850000	7955	7872	
926	0.004953	7971.170000	8012	7927	
931	0.005407	8017.350000	8057	7971	
936	0.004453	8066.830000	8109	8021	
941	0.004833	8115.340000	8153	8077	
946	0.004492	8170.880000	8203	8125	
951	0.004687	8215.920000	8262	8176	
956	0.004519	8265.270000	8309	8216	
961	0.005029	8315.590000	8361	8265	
966	0.005597	8366.550000	8402	8320	
971	0.006072	8417.790000	8458	8367	
976	0.004903	8469.350000	8511	8411	
981	0.004218	8516.400000	8558	8466	
986	0.006003	8570.530000	8615	8524	
991	0.006735	8614.810000	8666	8567	
996	0.005526	8670.020000	8722	8614	
